3,2
3,1
3,3
10,27
10,161
10,183
10,9
10,307
10,97
10,301
10,2
11,5
11,15
11,9
9,7
9,2
9,3
8,18
8,11
8,8
8,7
8,2
8,3
0,547
7307,4
7307,3
7307,2
7307,1
7307,0
7306,3
7306,2
7306,1
7306,0
7302,4
7302,3
7302,2
7302,1
7302,0
7300,4
7300,3
7300,2
7300,1
7300,0
7299,5
7299,4
7299,3
7299,2
7299,1
7299,0
7297,5
7297,4
7297,3
7297,2
7297,1
7297,0
7292,5
7292,4
7292,3
7292,2
7292,1
7292,0
7289,4
7289,3
7289,2
7289,1
7289,0
7288,5
7288,4
7288,3
7288,2
7288,1
7288,0
7286,3
7286,2
7286,1
7286,0
7284,3
7284,2
7284,1
7284,0
7283,3
7283,2
7283,1
7283,0
7279,5
7279,4
7279,3
7279,2
7279,1
7279,0
20,3
20,2
20,1
19,3
19,2
19,1
12,3
12,2
12,1
18,1
11,30
18,3
11,27
11,26
11,21
11,20
11,18
11,17
11,16
11,13
14,1
11,10
14,10
11,8
14,3
11,7
11,6
13,1
11,3
13,3
